101, 101, 101, 101, 101, 101, 102, 102, 104, 105
105, 105, 106, 106, 108, 109, 109, 110, 111, 111
111, 111, 112, 112, 112, 112, 113, 113, 113, 113
114, 115, 115, 115, 116, 117, 118, 119, 119, 119
119, 119, 120, 121, 121, 121, 122, 122, 122, 123
123, 124, 126, 126, 126, 126, 128, 128, 128, 129
129, 130, 131, 131, 132, 132, 133, 133, 135, 135
136, 136, 136, 136, 136, 137, 138, 138, 139, 140
140, 140, 141, 141, 142, 142, 143, 143, 144, 144
144, 145, 145, 145, 145, 146, 146, 146, 147, 147
148, 148, 148, 150, 151, 152, 153, 154, 155, 155
156, 156, 157, 157, 157, 157, 158, 158, 159, 159
160, 161, 162, 162, 163, 163, 164, 164, 164, 168
169, 169, 169, 169, 170, 170, 171, 171, 172, 173
173, 173, 173, 174, 174, 174, 175, 175, 175, 175
175, 176, 176, 176, 177, 177, 177, 177, 178, 178
178, 179, 179, 180, 180, 180, 181, 182, 183, 183
183, 184, 184, 184, 184, 185, 186, 186, 187, 187
188, 189, 190, 190, 192, 193, 194, 194, 195, 196
196, 197, 197, 198, 198, 199, 199, 199, 200, 200
